000000000000000000
100001100000100000
100010011010100000
000100000010001110
100001110100001000
000100000010001111
100001110100001000
000100000010010000
100001110100001000
000100000010010001
100001110100001000
000100000010010010
100001110100001000
000100000010010011
100001110100001000
000100000010010100
100001110100001000
000100000010010101
100001110100001000
000100000010010110
100001110100001000
000100000010010111
100001110100001000
000100000010011000
100001110100001000
000100000010011001
100001110100001000
000100000010011010
100001110100001000
000100000010011011
100001110100001000
000100000010100010
100001110100001000
000100000010100011
100001110100001000
000100000010100100
100001110100001000
000100000010100101
100001110100001000
000100000010100110
100001110100001000
000100000010100111
100001110100001000
000100000010101000
100001110100001000
000100000010101001
100001110100001000
000100000010101010
100001110100001000
000100000010101011
100001110100001000
000100000010101100
100001110100001000
000100000010101101
100001110100001000
000100000010101110
100001110100001000
000100000010101111
100001110100001000
000100000010110110
100001110100001000
000100000011001011
100001110100001000
000100000011011111
100001110100001000
000100000011110100
100001110100001000
000100000100001000
100001110100001000
000100000100011101
100001110100001000
000100000100110001
100001110100001000
000100000101000110
100001110100001000
000100000101011010
100001110100001000
000100000101101111
100001110100001000
000100000110000011
100001110100001000
000100000110011000
100001110100001000
000100000110101100
100001110100001000
000100000110111111
100001110100001000
000100000111010011
100001110100001000
000100000111100110
100001110100001000
000100000111111010
100001110100001000
000100001000001101
100001110100001000
000100001000100001
100001110100001000
000100001000110100
100001110100001000
000100001001001000
100001110100001000
000100001001011011
100001110100001000
000100001001101111
100001110100001000
000100001010000010
100001110100001000
000100001010010110
100001110100001000
000100001010010111
100001110100001000
000100001010011000
100001110100001000
000100001010011001
100001110100001000
000100001010011010
100001110100001000
000100001010011011
100001110100001000
000100001010011100
100001110100001000
000100001010011101
100001110100001000
000100001010011110
100001110100001000
000100001010011111
100001110100001000
000100001010100000
100001110100001000
000100001010100001
100001110100001000
000100001010100010
100001110100001000
000100001010100011
100001110100001000
000100001010101010
100001110100001000
000100001010101011
100001110100001000
000100001010101100
100001110100001000
000100001010101101
100001110100001000
000100001010101110
100001110100001000
000100001010101111
100001110100001000
000100001010110000
100001110100001000
000100001010110001
100001110100001000
000100001010110010
100001110100001000
000100001010110011
100001110100001000
000100001010110100
100001110100001000
000100001010110101
100001110100001000
000100001010110110
100001110100001000
000100001010110111
100001110100001000
