000000000000000000
100001100000010000
000000000000000110
100000011000001000
000101001011000000
100000011000001000
000000000000001111
100001100000010000
000000000000011000
100000011000000010
100001010100000000
100000011100010000
000001111111111111
100001100000100000
000000000000010101
100010011000000010
100001010100000000
100010011100100000
000000000000001110
100000011000000111
100001010100000000
000000000000001000
100000011000000111
100001010100000000
000000000000000110
100101100000010000
100000011010010000
100000011000001000
000101001011000000
100000011000001000
000000000000000110
100000011000000111
100001010100000000
